0.000065912 0.758924593 0.638948496 0.588378989 0.595078172 0.655318537 0.656203467 0.665404904 0.676893723 0.804970217 0.670246315 0.714410894 0.733078858 0.620847020 0.732624124 0.698267566 0.686116074 0.672393927 0.688586374 0.690862394 0.000065912 0.866888426 0.000065912 0.000065912 0.678283457 0.758587488 0.648175253 0.662479941 0.544227457 0.798442581 0.920852875 0.000065912 0.640087752 0.841533042 0.660224511 0.699800489 0.797062647 0.000065912 0.610840745 0.783918671 0.585693554 0.612644773 0.833775265 0.685594340 0.640087752 0.709896094 0.773363058 0.585934854 0.000065912 0.000065912 0.718898572 0.000065912 0.660328239 0.000065912 0.648731920 0.587604538 0.807086039 0.796944690 0.667974991 0.000065912
0.758924593 0.000065912 0.574945515 0.000065912 0.000065912 0.000065912 0.000065912 0.000065912 0.000065912 0.000065912 0.000065912 0.000065912 0.792174698 0.000065912 0.849111305 0.000065912 0.000065912 0.000065912 0.000065912 0.000065912 0.000065912 0.000065912 0.000065912 0.000065912 0.000065912 0.000065912 0.000065912 0.000065912 0.000065912 0.727891158 0.786403704 0.000065912 0.000065912 0.000065912 0.000065912 0.820766461 0.000065912 0.000065912 0.000065912 0.699587083 0.000065912 0.000065912 0.000065912 0.625252319 0.000065912 0.811103186 0.000065912 0.000065912 0.000065912 0.000065912 0.656007319 0.000065912 0.000065912 0.000065912 0.000065912 0.000065912 0.000065912 0.000065912 0.861226709 0.000065912
0.638948496 0.574945515 0.000065912 0.000065912 0.000065912 0.000065912 0.000065912 0.000065912 0.590513174 0.661956788 0.000065912 0.560318448 0.694425774 0.581514135 0.000065912 0.603421091 0.000065912 0.602872227 0.539992515 0.000065912 0.000065912 0.000065912 0.000065912 0.000065912 0.000065912 0.697239253 0.592265657 0.000065912 0.000065912 0.539328733 0.578974603 0.000065912 0.000065912 0.000065912 0.573957458 0.000065912 0.000065912 0.000065912 0.000065912 0.664119949 0.561586200 0.000065912 0.719430753 0.683667676 0.000065912 0.737127060 0.820728550 0.000065912 0.000065912 0.000065912 0.541717842 0.000065912 0.717214729 0.000065912 0.000065912 0.000065912 0.000065912 0.881773552 0.000065912 0.000065912
0.588378989 0.000065912 0.000065912 0.000065912 0.617151958 0.595969969 0.630082195 0.690348778 0.677500492 0.000065912 0.000065912 0.984245422 0.000065912 0.866944776 0.000065912 0.651301029 0.665162882 0.745022076 0.693220834 0.719434351 0.000065912 0.000065912 0.000065912 0.722368415 0.606884572 0.000065912 0.647821554 0.000065912 0.630568596 0.000065912 0.000065912 0.000065912 0.636506913 0.000065912 0.000065912 0.000065912 0.000065912 0.000065912 0.539247840 0.000065912 0.667722574 0.601733875 0.000065912 0.563814490 0.840843268 0.000065912 0.000065912 0.000065912 0.000065912 0.000065912 0.000065912 0.000065912 0.645448406 0.606453837 0.000065912 0.608982955 0.563814490 0.000065912 0.000065912 0.000065912
0.595078172 0.000065912 0.000065912 0.617151958 0.000065912 0.575261822 0.662902557 0.673640582 0.571873481 0.000065912 0.570929240 0.607263488 0.000065912 0.598987230 0.000065912 0.646556300 0.692132178 0.606130482 0.686951826 0.700836961 0.000065912 0.000065912 0.000065912 0.732833213 0.564378587 0.000065912 0.544983369 0.000065912 0.726972473 0.000065912 0.000065912 0.000065912 0.000065912 0.539086090 0.622102754 0.000065912 0.646191099 0.000065912 0.647663505 0.000065912 0.633431974 0.719810953 0.541409151 0.541457880 0.605288545 0.000065912 0.000065912 0.647342343 0.000065912 0.000065912 0.000065912 0.000065912 0.568354463 0.929782120 0.643262754 0.740558980 0.000065912 0.000065912 0.000065912 0.000065912
0.655318537 0.000065912 0.000065912 0.595969969 0.575261822 0.000065912 0.633341030 0.665999295 0.704542042 0.540949148 0.614067759 0.602133157 0.000065912 0.658870304 0.000065912 0.786824543 0.726853743 0.628662960 0.616671648 0.718085478 0.000065912 0.000065912 0.000065912 0.535389907 0.556771699 0.000065912 0.702721236 0.664606595 0.636296900 0.000065912 0.000065912 0.000065912 0.000065912 0.000065912 0.612422219 0.000065912 0.678778785 0.000065912 0.628224097 0.000065912 0.789896517 0.558964117 0.688160397 0.000065912 0.000065912 0.000065912 0.000065912 0.667130233 0.000065912 0.000065912 0.000065912 0.000065912 0.819558089 0.000065912 0.609065173 0.589951470 0.000065912 0.000065912 0.000065912 0.000065912
0.656203467 0.000065912 0.000065912 0.630082195 0.662902557 0.633341030 0.000065912 0.698373304 0.652093928 0.686642157 0.000065912 0.736782109 0.000065912 0.717727961 0.000065912 0.717499465 0.720092934 0.704752521 0.747486004 0.718635024 0.000065912 0.640049348 0.000065912 0.594847624 0.636256603 0.000065912 0.621330272 0.574396704 0.622601025 0.000065912 0.000065912 0.000065912 0.646029571 0.669087791 0.709437871 0.000065912 0.852761817 0.000065912 0.643212582 0.000065912 0.648060149 0.626144287 0.665165574 0.609790392 0.755217116 0.000065912 0.000065912 0.593233024 0.000065912 0.000065912 0.000065912 0.552628110 0.614763365 0.620493593 0.721455598 0.674443526 0.611448223 0.000065912 0.000065912 0.000065912
0.665404904 0.000065912 0.000065912 0.690348778 0.673640582 0.665999295 0.698373304 0.000065912 0.659870781 0.610315038 0.575474708 0.673340694 0.000065912 0.753708191 0.000065912 0.727329989 0.712229958 0.721998657 0.717501985 0.684856010 0.000065912 0.653096749 0.000065912 0.688248225 0.614386543 0.000065912 0.584117861 0.000065912 0.698712827 0.551568082 0.000065912 0.000065912 0.653312306 0.668629623 0.732757558 0.000065912 0.621480963 0.000065912 0.661591158 0.000065912 0.699585683 0.720399039 0.642283169 0.658192722 0.590962627 0.000065912 0.000065912 0.604375249 0.000065912 0.000065912 0.000065912 0.646666224 0.651680135 0.560520199 0.677056028 0.712467487 0.000065912 0.000065912 0.000065912 0.799658914
0.676893723 0.000065912 0.590513174 0.677500492 0.571873481 0.704542042 0.652093928 0.659870781 0.000065912 0.672359959 0.000065912 0.579340437 0.000065912 0.722973394 0.000065912 0.731813577 0.632604408 0.583971850 0.657743659 0.691776398 0.000065912 0.000065912 0.000065912 0.626516605 0.631431564 0.000065912 0.615564836 0.658123067 0.582171617 0.000065912 0.000065912 0.000065912 0.000065912 0.000065912 0.639019697 0.000065912 0.000065912 0.000065912 0.829141045 0.000065912 0.818958541 0.583547165 0.607805712 0.679656431 0.569945236 0.000065912 0.000065912 0.571748159 0.000065912 0.000065912 0.000065912 0.000065912 0.702470162 0.552771812 0.631349934 0.614239722 0.667106217 0.000065912 0.000065912 0.000065912
0.804970217 0.000065912 0.661956788 0.000065912 0.000065912 0.540949148 0.686642157 0.610315038 0.672359959 0.000065912 0.000065912 0.693228922 0.534213344 0.606717197 0.000065912 0.597446822 0.598747683 0.588895420 0.552270123 0.593964931 0.000065912 0.000065912 0.000065912 0.000065912 0.778250366 0.000065912 0.622062941 0.000065912 0.000065912 0.617121101 0.000065912 0.000065912 0.000065912 0.000065912 0.592727804 0.000065912 0.000065912 0.000065912 0.593436537 0.000065912 0.565189993 0.000065912 0.746973926 0.839029007 0.000065912 0.753768490 0.753768490 0.000065912 0.000065912 0.000065912 0.000065912 0.000065912 0.610947041 0.000065912 0.636309626 0.000065912 0.794329698 0.000065912 0.000065912 0.000065912
0.670246315 0.000065912 0.000065912 0.000065912 0.570929240 0.614067759 0.000065912 0.575474708 0.000065912 0.000065912 0.000065912 0.000065912 0.000065912 0.000065912 0.000065912 0.624356766 0.631985662 0.000065912 0.542129704 0.000065912 0.000065912 0.612696238 0.000065912 0.000065912 0.000065912 0.000065912 0.000065912 0.000065912 0.632636039 0.000065912 0.000065912 0.000065912 0.000065912 0.654610419 0.000065912 0.000065912 0.683273541 0.000065912 0.000065912 0.000065912 0.647614284 0.000065912 0.000065912 0.000065912 0.000065912 0.000065912 0.000065912 0.000065912 0.000065912 0.000065912 0.000065912 0.000065912 0.660208226 0.000065912 0.787653768 0.633447915 0.000065912 0.000065912 0.000065912 0.000065912
0.714410894 0.000065912 0.560318448 0.984245422 0.607263488 0.602133157 0.736782109 0.673340694 0.579340437 0.693228922 0.000065912 0.000065912 0.000065912 0.773040891 0.000065912 0.660483770 0.769402338 0.713929608 0.722134321 0.683850012 0.000065912 0.781578255 0.000065912 0.553004024 0.735015457 0.000065912 0.833509649 0.000065912 0.660805985 0.694373694 0.000065912 0.000065912 0.711064241 0.702282173 0.804680480 0.000065912 0.634264005 0.000065912 0.552583901 0.000065912 0.617900709 0.618089197 0.745002032 0.655556196 0.705249715 0.000065912 0.000065912 0.546839466 0.000065912 0.000065912 0.000065912 0.741878349 0.611895083 0.000065912 0.759172187 0.673190676 0.655884876 0.000065912 0.000065912 0.000065912
0.733078858 0.792174698 0.694425774 0.000065912 0.000065912 0.000065912 0.000065912 0.000065912 0.000065912 0.534213344 0.000065912 0.000065912 0.000065912 0.000065912 0.578316875 0.000065912 0.000065912 0.000065912 0.000065912 0.000065912 0.585704431 0.000065912 0.000065912 0.000065912 0.000065912 0.612654576 0.000065912 0.000065912 0.000065912 0.000065912 0.792174698 0.000065912 0.000065912 0.000065912 0.000065912 0.000065912 0.000065912 0.000065912 0.000065912 0.632716705 0.000065912 0.000065912 0.000065912 0.656674599 0.000065912 0.689848457 0.717176180 0.000065912 0.000065912 0.000065912 0.719379196 0.000065912 0.534213344 0.000065912 0.000065912 0.000065912 0.685126011 0.639345680 0.000065912 0.000065912
0.620847020 0.000065912 0.581514135 0.866944776 0.598987230 0.658870304 0.717727961 0.753708191 0.722973394 0.606717197 0.000065912 0.773040891 0.000065912 0.000065912 0.000065912 0.710405653 0.729270503 0.719439626 0.741429030 0.743421409 0.000065912 0.570792233 0.000065912 0.712774627 0.585667826 0.000065912 0.758964709 0.634038881 0.649878907 0.610315038 0.000065912 0.000065912 0.613915489 0.681429487 0.824789838 0.000065912 0.625761065 0.000065912 0.667646347 0.000065912 0.717659867 0.791067089 0.610918021 0.604675785 0.677974908 0.000065912 0.000065912 0.556306988 0.000065912 0.000065912 0.000065912 0.657831364 0.648294637 0.580754786 0.650670296 0.620589777 0.597191169 0.000065912 0.000065912 0.554271855
0.732624124 0.849111305 0.000065912 0.000065912 0.000065912 0.000065912 0.000065912 0.000065912 0.000065912 0.000065912 0.000065912 0.000065912 0.578316875 0.000065912 0.000065912 0.000065912 0.000065912 0.000065912 0.000065912 0.000065912 0.000065912 0.000065912 0.000065912 0.000065912 0.000065912 0.608821596 0.000065912 0.000065912 0.000065912 0.665038730 0.806106025 0.000065912 0.000065912 0.000065912 0.000065912 0.795209243 0.000065912 0.000065912 0.000065912 0.614356439 0.000065912 0.000065912 0.000065912 0.540889647 0.000065912 0.830632766 0.696853554 0.000065912 0.000065912 0.000065912 0.561524428 0.000065912 0.000065912 0.000065912 0.000065912 0.000065912 0.641837579 0.000065912 0.799289157 0.000065912
0.698267566 0.000065912 0.603421091 0.651301029 0.646556300 0.786824543 0.717499465 0.727329989 0.731813577 0.597446822 0.624356766 0.660483770 0.000065912 0.710405653 0.000065912 0.000065912 0.691099826 0.692959770 0.721580741 0.639930594 0.000065912 0.638296417 0.000065912 0.635932580 0.593920385 0.000065912 0.649938080 0.683300873 0.710354420 0.000065912 0.000065912 0.000065912 0.618467893 0.688197100 0.669799633 0.000065912 0.700477290 0.000065912 0.683866196 0.000065912 0.693419152 0.672413590 0.695636286 0.588998731 0.584066753 0.000065912 0.000065912 0.649731659 0.000065912 0.000065912 0.000065912 0.000065912 0.632004246 0.657364250 0.744982165 0.733890418 0.000065912 0.000065912 0.000065912 0.000065912
0.686116074 0.000065912 0.000065912 0.665162882 0.692132178 0.726853743 0.720092934 0.712229958 0.632604408 0.598747683 0.631985662 0.769402338 0.000065912 0.729270503 0.000065912 0.691099826 0.000065912 0.701990786 0.732090791 0.664755381 0.000065912 0.784495063 0.000065912 0.660601534 0.631014776 0.000065912 0.601772989 0.000065912 0.649331811 0.000065912 0.000065912 0.000065912 0.721800375 0.716517935 0.698239054 0.000065912 0.633117025 0.000065912 0.625629669 0.000065912 0.688498006 0.701975343 0.630370749 0.667700873 0.756621866 0.000065912 0.000065912 0.668275821 0.000065912 0.000065912 0.000065912 0.000065912 0.662143265 0.000065912 0.678782179 0.655475328 0.000065912 0.000065912 0.000065912 0.824799461
0.672393927 0.000065912 0.602872227 0.745022076 0.606130482 0.628662960 0.704752521 0.721998657 0.583971850 0.588895420 0.000065912 0.713929608 0.000065912 0.719439626 0.000065912 0.692959770 0.701990786 0.000065912 0.686713057 0.706703556 0.000065912 0.000065912 0.000065912 0.634815420 0.607299925 0.000065912 0.569162100 0.000065912 0.684518854 0.581240887 0.000065912 0.000065912 0.629720002 0.703828894 0.743287771 0.000065912 0.640343838 0.000065912 0.000065912 0.000065912 0.640486010 0.709060365 0.573400989 0.620810125 0.834018245 0.000065912 0.000065912 0.000065912 0.000065912 0.000065912 0.000065912 0.760856885 0.627829906 0.000065912 0.662486565 0.610550054 0.602830028 0.000065912 0.000065912 0.838805296
0.688586374 0.000065912 0.539992515 0.693220834 0.686951826 0.616671648 0.747486004 0.717501985 0.657743659 0.552270123 0.542129704 0.722134321 0.000065912 0.741429030 0.000065912 0.721580741 0.732090791 0.686713057 0.000065912 0.694738335 0.000065912 0.630577004 0.626143939 0.625883361 0.628956929 0.000065912 0.615672569 0.000065912 0.716273189 0.000065912 0.000065912 0.615127940 0.607237072 0.747876441 0.723089830 0.000065912 0.692832162 0.000065912 0.652239889 0.000065912 0.645240430 0.711509388 0.594694173 0.591478467 0.654802830 0.000065912 0.000065912 0.646001308 0.000065912 0.000065912 0.000065912 0.617364912 0.599245706 0.593280781 0.693882350 0.727668882 0.000065912 0.000065912 0.000065912 0.000065912
0.690862394 0.000065912 0.000065912 0.719434351 0.700836961 0.718085478 0.718635024 0.684856010 0.691776398 0.593964931 0.000065912 0.683850012 0.000065912 0.743421409 0.000065912 0.639930594 0.664755381 0.706703556 0.694738335 0.000065912 0.000065912 0.636459813 0.000065912 0.670194612 0.641337141 0.000065912 0.655421547 0.000065912 0.695768701 0.000065912 0.000065912 0.000065912 0.646514275 0.677761380 0.707295550 0.000065912 0.768123309 0.000065912 0.638441646 0.000065912 0.717338460 0.696553971 0.680603074 0.623726484 0.630397315 0.000065912 0.000065912 0.836657911 0.000065912 0.000065912 0.000065912 0.000065912 0.625496841 0.680735635 0.773447101 0.767922855 0.000065912 0.000065912 0.000065912 0.000065912
0.000065912 0.000065912 0.000065912 0.000065912 0.000065912 0.000065912 0.000065912 0.000065912 0.000065912 0.000065912 0.000065912 0.000065912 0.585704431 0.000065912 0.000065912 0.000065912 0.000065912 0.000065912 0.000065912 0.000065912 0.000065912 0.000065912 0.000065912 0.000065912 0.000065912 0.000065912 0.000065912 0.000065912 0.000065912 0.000065912 0.585704431 0.000065912 0.000065912 0.000065912 0.000065912 0.000065912 0.000065912 0.000065912 0.000065912 0.000065912 0.000065912 0.000065912 0.000065912 0.000065912 0.000065912 0.000065912 0.000065912 0.000065912 0.000065912 0.000065912 0.000065912 0.000065912 0.000065912 0.000065912 0.000065912 0.000065912 0.000065912 0.000065912 0.000065912 0.000065912
0.866888426 0.000065912 0.000065912 0.000065912 0.000065912 0.000065912 0.640049348 0.653096749 0.000065912 0.000065912 0.612696238 0.781578255 0.000065912 0.570792233 0.000065912 0.638296417 0.784495063 0.000065912 0.630577004 0.636459813 0.000065912 0.000065912 0.000065912 0.000065912 0.000065912 0.000065912 0.000065912 0.000065912 0.000065912 0.000065912 0.000065912 0.000065912 0.805993178 0.878618053 0.000065912 0.000065912 0.638202275 0.000065912 0.000065912 0.000065912 0.000065912 0.000065912 0.000065912 0.000065912 0.781578255 0.000065912 0.000065912 0.577948797 0.000065912 0.000065912 0.000065912 0.000065912 0.000065912 0.000065912 0.765911561 0.000065912 0.000065912 0.000065912 0.000065912 0.816710984
0.000065912 0.000065912 0.000065912 0.000065912 0.000065912 0.000065912 0.000065912 0.000065912 0.000065912 0.000065912 0.000065912 0.000065912 0.000065912 0.000065912 0.000065912 0.000065912 0.000065912 0.000065912 0.626143939 0.000065912 0.000065912 0.000065912 0.000065912 0.729212569 0.000065912 0.000065912 0.000065912 0.000065912 0.000065912 0.000065912 0.000065912 0.905769881 0.000065912 0.000065912 0.638738590 0.000065912 0.000065912 0.000065912 0.660521899 0.000065912 0.543410641 0.576944041 0.000065912 0.000065912 0.000065912 0.000065912 0.000065912 0.000065912 0.000065912 0.000065912 0.000065912 0.000065912 0.000065912 0.681724269 0.000065912 0.000065912 0.000065912 0.000065912 0.000065912 0.000065912
0.000065912 0.000065912 0.000065912 0.722368415 0.732833213 0.535389907 0.594847624 0.688248225 0.626516605 0.000065912 0.000065912 0.553004024 0.000065912 0.712774627 0.000065912 0.635932580 0.660601534 0.634815420 0.625883361 0.670194612 0.000065912 0.000065912 0.729212569 0.000065912 0.000065912 0.000065912 0.000065912 0.000065912 0.695557915 0.000065912 0.000065912 0.730650533 0.000065912 0.000065912 0.776724159 0.000065912 0.000065912 0.000065912 0.668624608 0.000065912 0.699310800 0.688310279 0.000065912 0.000065912 0.000065912 0.000065912 0.000065912 0.675424881 0.000065912 0.000065912 0.000065912 0.000065912 0.552941354 0.683488123 0.599141988 0.683034437 0.000065912 0.000065912 0.000065912 0.000065912
0.678283457 0.000065912 0.000065912 0.606884572 0.564378587 0.556771699 0.636256603 0.614386543 0.631431564 0.778250366 0.000065912 0.735015457 0.000065912 0.585667826 0.000065912 0.593920385 0.631014776 0.607299925 0.628956929 0.641337141 0.000065912 0.000065912 0.000065912 0.000065912 0.000065912 0.000065912 0.634774158 0.000065912 0.000065912 0.787281033 0.000065912 0.000065912 0.000065912 0.000065912 0.697811223 0.000065912 0.604552559 0.000065912 0.569754336 0.000065912 0.578349648 0.000065912 0.738229428 0.703834173 0.000065912 0.000065912 0.000065912 0.000065912 0.000065912 0.000065912 0.000065912 0.000065912 0.613188226 0.000065912 0.000065912 0.564378587 0.000065912 0.000065912 0.000065912 0.000065912
0.758587488 0.000065912 0.697239253 0.000065912 0.000065912 0.000065912 0.000065912 0.000065912 0.000065912 0.000065912 0.000065912 0.000065912 0.612654576 0.000065912 0.608821596 0.000065912 0.000065912 0.000065912 0.000065912 0.000065912 0.000065912 0.000065912 0.000065912 0.000065912 0.000065912 0.000065912 0.000065912 0.000065912 0.000065912 0.662751613 0.000065912 0.000065912 0.000065912 0.000065912 0.000065912 0.000065912 0.000065912 0.000065912 0.000065912 0.714258741 0.000065912 0.000065912 0.000065912 0.000065912 0.000065912 0.000065912 0.779852874 0.000065912 0.000065912 0.000065912 0.675281931 0.000065912 0.000065912 0.000065912 0.000065912 0.000065912 0.988042071 0.534550004 0.000065912 0.000065912
0.648175253 0.000065912 0.592265657 0.647821554 0.544983369 0.702721236 0.621330272 0.584117861 0.615564836 0.622062941 0.000065912 0.833509649 0.000065912 0.758964709 0.000065912 0.649938080 0.601772989 0.569162100 0.615672569 0.655421547 0.000065912 0.000065912 0.000065912 0.000065912 0.634774158 0.000065912 0.000065912 0.649663982 0.000065912 0.000065912 0.000065912 0.000065912 0.000065912 0.000065912 0.750586784 0.000065912 0.542221874 0.000065912 0.628502672 0.000065912 0.742615294 0.000065912 0.607013043 0.657609493 0.000065912 0.000065912 0.000065912 0.544983369 0.000065912 0.000065912 0.000065912 0.000065912 0.691658230 0.000065912 0.574991512 0.000065912 0.728571144 0.000065912 0.000065912 0.000065912
0.662479941 0.000065912 0.000065912 0.000065912 0.000065912 0.664606595 0.574396704 0.000065912 0.658123067 0.000065912 0.000065912 0.000065912 0.000065912 0.634038881 0.000065912 0.683300873 0.000065912 0.000065912 0.000065912 0.000065912 0.000065912 0.000065912 0.000065912 0.000065912 0.000065912 0.000065912 0.649663982 0.000065912 0.000065912 0.000065912 0.000065912 0.000065912 0.000065912 0.000065912 0.000065912 0.000065912 0.678700730 0.000065912 0.562628909 0.000065912 0.723671297 0.000065912 0.550901088 0.000065912 0.000065912 0.000065912 0.000065912 0.000065912 0.000065912 0.000065912 0.000065912 0.000065912 0.654102203 0.000065912 0.000065912 0.000065912 0.563786300 0.000065912 0.000065912 0.000065912
0.544227457 0.000065912 0.000065912 0.630568596 0.726972473 0.636296900 0.622601025 0.698712827 0.582171617 0.000065912 0.632636039 0.660805985 0.000065912 0.649878907 0.000065912 0.710354420 0.649331811 0.684518854 0.716273189 0.695768701 0.000065912 0.000065912 0.000065912 0.695557915 0.000065912 0.000065912 0.000065912 0.000065912 0.000065912 0.000065912 0.000065912 0.000065912 0.589299933 0.605421724 0.670249443 0.000065912 0.547989036 0.000065912 0.000065912 0.000065912 0.599995874 0.699245867 0.573303520 0.540662521 0.581429821 0.000065912 0.000065912 0.720079733 0.000065912 0.000065912 0.000065912 0.000065912 0.586533790 0.000065912 0.660648236 0.672941081 0.000065912 0.000065912 0.000065912 0.675582498
0.798442581 0.727891158 0.539328733 0.000065912 0.000065912 0.000065912 0.000065912 0.551568082 0.000065912 0.617121101 0.000065912 0.694373694 0.000065912 0.610315038 0.665038730 0.000065912 0.000065912 0.581240887 0.000065912 0.000065912 0.000065912 0.000065912 0.000065912 0.000065912 0.787281033 0.662751613 0.000065912 0.000065912 0.000065912 0.000065912 0.680224424 0.000065912 0.000065912 0.000065912 0.574893772 0.000065912 0.000065912 0.000065912 0.000065912 0.764118803 0.000065912 0.000065912 0.000065912 0.598065500 0.000065912 0.735400522 0.681893358 0.000065912 0.000065912 0.000065912 0.576010148 0.000065912 0.000065912 0.000065912 0.000065912 0.000065912 0.842273917 0.000065912 0.823611232 0.000065912
0.920852875 0.786403704 0.578974603 0.000065912 0.000065912 0.000065912 0.000065912 0.000065912 0.000065912 0.000065912 0.000065912 0.000065912 0.792174698 0.000065912 0.806106025 0.000065912 0.000065912 0.000065912 0.000065912 0.000065912 0.585704431 0.000065912 0.000065912 0.000065912 0.000065912 0.000065912 0.000065912 0.000065912 0.000065912 0.680224424 0.000065912 0.000065912 0.000065912 0.000065912 0.000065912 0.894062139 0.000065912 0.000065912 0.000065912 0.644017100 0.000065912 0.000065912 0.000065912 0.000065912 0.000065912 0.710798234 0.611830497 0.000065912 0.000065912 0.000065912 0.651086678 0.000065912 0.000065912 0.000065912 0.000065912 0.000065912 0.000065912 0.000065912 0.791736812 0.000065912
0.000065912 0.000065912 0.000065912 0.000065912 0.000065912 0.000065912 0.000065912 0.000065912 0.000065912 0.000065912 0.000065912 0.000065912 0.000065912 0.000065912 0.000065912 0.000065912 0.000065912 0.000065912 0.615127940 0.000065912 0.000065912 0.000065912 0.905769881 0.730650533 0.000065912 0.000065912 0.000065912 0.000065912 0.000065912 0.000065912 0.000065912 0.000065912 0.000065912 0.000065912 0.680843143 0.000065912 0.000065912 0.000065912 0.703878164 0.000065912 0.543410641 0.617255340 0.000065912 0.000065912 0.000065912 0.000065912 0.000065912 0.000065912 0.000065912 0.000065912 0.000065912 0.000065912 0.000065912 0.708504879 0.000065912 0.000065912 0.000065912 0.000065912 0.000065912 0.000065912
0.640087752 0.000065912 0.000065912 0.636506913 0.000065912 0.000065912 0.646029571 0.653312306 0.000065912 0.000065912 0.000065912 0.711064241 0.000065912 0.613915489 0.000065912 0.618467893 0.721800375 0.629720002 0.607237072 0.646514275 0.000065912 0.805993178 0.000065912 0.000065912 0.000065912 0.000065912 0.000065912 0.000065912 0.589299933 0.000065912 0.000065912 0.000065912 0.000065912 0.640087752 0.599240356 0.000065912 0.000065912 0.000065912 0.000065912 0.000065912 0.000065912 0.000065912 0.000065912 0.000065912 0.798428387 0.000065912 0.000065912 0.000065912 0.000065912 0.000065912 0.000065912 0.800269553 0.000065912 0.000065912 0.686670997 0.000065912 0.000065912 0.000065912 0.000065912 0.785566630
0.841533042 0.000065912 0.000065912 0.000065912 0.539086090 0.000065912 0.669087791 0.668629623 0.000065912 0.000065912 0.654610419 0.702282173 0.000065912 0.681429487 0.000065912 0.688197100 0.716517935 0.703828894 0.747876441 0.677761380 0.000065912 0.878618053 0.000065912 0.000065912 0.000065912 0.000065912 0.000065912 0.000065912 0.605421724 0.000065912 0.000065912 0.000065912 0.640087752 0.000065912 0.635492494 0.000065912 0.672385573 0.000065912 0.000065912 0.000065912 0.000065912 0.000065912 0.000065912 0.000065912 0.654427154 0.000065912 0.000065912 0.549423902 0.000065912 0.000065912 0.000065912 0.000065912 0.000065912 0.000065912 0.756349279 0.563538289 0.000065912 0.000065912 0.000065912 0.000065912
0.660224511 0.000065912 0.573957458 0.000065912 0.622102754 0.612422219 0.709437871 0.732757558 0.639019697 0.592727804 0.000065912 0.804680480 0.000065912 0.824789838 0.000065912 0.669799633 0.698239054 0.743287771 0.723089830 0.707295550 0.000065912 0.000065912 0.638738590 0.776724159 0.697811223 0.000065912 0.750586784 0.000065912 0.670249443 0.574893772 0.000065912 0.680843143 0.599240356 0.635492494 0.000065912 0.000065912 0.604877089 0.000065912 0.588805129 0.000065912 0.649512412 0.757939715 0.554701582 0.609550182 0.704766393 0.000065912 0.000065912 0.000065912 0.000065912 0.000065912 0.000065912 0.606679278 0.599172945 0.615968163 0.589730279 0.652085233 0.602110076 0.000065912 0.000065912 0.000065912
0.699800489 0.820766461 0.000065912 0.000065912 0.000065912 0.000065912 0.000065912 0.000065912 0.000065912 0.000065912 0.000065912 0.000065912 0.000065912 0.000065912 0.795209243 0.000065912 0.000065912 0.000065912 0.000065912 0.000065912 0.000065912 0.000065912 0.000065912 0.000065912 0.000065912 0.000065912 0.000065912 0.000065912 0.000065912 0.000065912 0.894062139 0.000065912 0.000065912 0.000065912 0.000065912 0.000065912 0.000065912 0.000065912 0.000065912 0.619941599 0.000065912 0.000065912 0.000065912 0.540889647 0.000065912 0.743884127 0.000065912 0.000065912 0.000065912 0.000065912 0.000065912 0.000065912 0.000065912 0.000065912 0.000065912 0.000065912 0.000065912 0.000065912 0.706176551 0.000065912
0.797062647 0.000065912 0.000065912 0.000065912 0.646191099 0.678778785 0.852761817 0.621480963 0.000065912 0.000065912 0.683273541 0.634264005 0.000065912 0.625761065 0.000065912 0.700477290 0.633117025 0.640343838 0.692832162 0.768123309 0.000065912 0.638202275 0.000065912 0.000065912 0.604552559 0.000065912 0.542221874 0.678700730 0.547989036 0.000065912 0.000065912 0.000065912 0.000065912 0.672385573 0.604877089 0.000065912 0.000065912 0.000065912 0.000065912 0.000065912 0.601297776 0.000065912 0.000065912 0.540684148 0.000065912 0.000065912 0.000065912 0.683273541 0.000065912 0.000065912 0.000065912 0.000065912 0.610363865 0.000065912 0.560528607 0.646191099 0.597763553 0.000065912 0.000065912 0.000065912
0.000065912 0.000065912 0.000065912 0.000065912 0.000065912 0.000065912 0.000065912 0.000065912 0.000065912 0.000065912 0.000065912 0.000065912 0.000065912 0.000065912 0.000065912 0.000065912 0.000065912 0.000065912 0.000065912 0.000065912 0.000065912 0.000065912 0.000065912 0.000065912 0.000065912 0.000065912 0.000065912 0.000065912 0.000065912 0.000065912 0.000065912 0.000065912 0.000065912 0.000065912 0.000065912 0.000065912 0.000065912 0.000065912 0.000065912 0.000065912 0.000065912 0.000065912 0.000065912 0.000065912 0.000065912 0.000065912 0.000065912 0.000065912 0.000065912 0.000065912 0.000065912 0.000065912 0.000065912 0.000065912 0.000065912 0.000065912 0.000065912 0.000065912 0.000065912 0.000065912
0.610840745 0.000065912 0.000065912 0.539247840 0.647663505 0.628224097 0.643212582 0.661591158 0.829141045 0.593436537 0.000065912 0.552583901 0.000065912 0.667646347 0.000065912 0.683866196 0.625629669 0.000065912 0.652239889 0.638441646 0.000065912 0.000065912 0.660521899 0.668624608 0.569754336 0.000065912 0.628502672 0.562628909 0.000065912 0.000065912 0.000065912 0.703878164 0.000065912 0.000065912 0.588805129 0.000065912 0.000065912 0.000065912 0.000065912 0.000065912 0.730100665 0.567315326 0.589510646 0.612461007 0.552583901 0.000065912 0.000065912 0.624792928 0.000065912 0.000065912 0.000065912 0.000065912 0.650962169 0.628706968 0.593552269 0.000065912 0.639355271 0.000065912 0.000065912 0.000065912
0.783918671 0.699587083 0.664119949 0.000065912 0.000065912 0.000065912 0.000065912 0.000065912 0.000065912 0.000065912 0.000065912 0.000065912 0.632716705 0.000065912 0.614356439 0.000065912 0.000065912 0.000065912 0.000065912 0.000065912 0.000065912 0.000065912 0.000065912 0.000065912 0.000065912 0.714258741 0.000065912 0.000065912 0.000065912 0.764118803 0.644017100 0.000065912 0.000065912 0.000065912 0.000065912 0.619941599 0.000065912 0.000065912 0.000065912 0.000065912 0.000065912 0.000065912 0.000065912 0.000065912 0.000065912 0.694349391 0.732712410 0.000065912 0.000065912 0.000065912 0.674448472 0.000065912 0.000065912 0.000065912 0.000065912 0.000065912 0.830439666 0.534550004 0.672910799 0.000065912
0.585693554 0.000065912 0.561586200 0.667722574 0.633431974 0.789896517 0.648060149 0.699585683 0.818958541 0.565189993 0.647614284 0.617900709 0.000065912 0.717659867 0.000065912 0.693419152 0.688498006 0.640486010 0.645240430 0.717338460 0.000065912 0.000065912 0.543410641 0.699310800 0.578349648 0.000065912 0.742615294 0.723671297 0.599995874 0.000065912 0.000065912 0.543410641 0.000065912 0.000065912 0.649512412 0.000065912 0.601297776 0.000065912 0.730100665 0.000065912 0.000065912 0.560349266 0.645921246 0.592489576 0.536874993 0.000065912 0.000065912 0.691813211 0.000065912 0.000065912 0.000065912 0.000065912 0.651676411 0.668667736 0.629430397 0.600699782 0.000065912 0.000065912 0.000065912 0.000065912
0.612644773 0.000065912 0.000065912 0.601733875 0.719810953 0.558964117 0.626144287 0.720399039 0.583547165 0.000065912 0.000065912 0.618089197 0.000065912 0.791067089 0.000065912 0.672413590 0.701975343 0.709060365 0.711509388 0.696553971 0.000065912 0.000065912 0.576944041 0.688310279 0.000065912 0.000065912 0.000065912 0.000065912 0.699245867 0.000065912 0.000065912 0.617255340 0.000065912 0.000065912 0.757939715 0.000065912 0.000065912 0.000065912 0.567315326 0.000065912 0.560349266 0.000065912 0.000065912 0.000065912 0.569995583 0.000065912 0.000065912 0.000065912 0.000065912 0.000065912 0.000065912 0.000065912 0.558964117 0.000065912 0.600405511 0.698299031 0.000065912 0.000065912 0.000065912 0.000065912
0.833775265 0.000065912 0.719430753 0.000065912 0.541409151 0.688160397 0.665165574 0.642283169 0.607805712 0.746973926 0.000065912 0.745002032 0.000065912 0.610918021 0.000065912 0.695636286 0.630370749 0.573400989 0.594694173 0.680603074 0.000065912 0.000065912 0.000065912 0.000065912 0.738229428 0.000065912 0.607013043 0.550901088 0.573303520 0.000065912 0.000065912 0.000065912 0.000065912 0.000065912 0.554701582 0.000065912 0.000065912 0.000065912 0.589510646 0.000065912 0.645921246 0.000065912 0.000065912 0.815726624 0.000065912 0.000065912 0.000065912 0.592259734 0.000065912 0.000065912 0.000065912 0.000065912 0.695745618 0.000065912 0.632782617 0.555201038 0.769746723 0.000065912 0.000065912 0.000065912
0.685594340 0.625252319 0.683667676 0.563814490 0.541457880 0.000065912 0.609790392 0.658192722 0.679656431 0.839029007 0.000065912 0.655556196 0.656674599 0.604675785 0.540889647 0.588998731 0.667700873 0.620810125 0.591478467 0.623726484 0.000065912 0.000065912 0.000065912 0.000065912 0.703834173 0.000065912 0.657609493 0.000065912 0.540662521 0.598065500 0.000065912 0.000065912 0.000065912 0.000065912 0.609550182 0.540889647 0.540684148 0.000065912 0.612461007 0.000065912 0.592489576 0.000065912 0.815726624 0.000065912 0.000065912 0.753768490 0.761734913 0.000065912 0.000065912 0.000065912 0.734731612 0.000065912 0.764861888 0.000065912 0.568152733 0.541192630 0.739767005 0.798077156 0.614200822 0.000065912
0.640087752 0.000065912 0.000065912 0.840843268 0.605288545 0.000065912 0.755217116 0.590962627 0.569945236 0.000065912 0.000065912 0.705249715 0.000065912 0.677974908 0.000065912 0.584066753 0.756621866 0.834018245 0.654802830 0.630397315 0.000065912 0.781578255 0.000065912 0.000065912 0.000065912 0.000065912 0.000065912 0.000065912 0.581429821 0.000065912 0.000065912 0.000065912 0.798428387 0.654427154 0.704766393 0.000065912 0.000065912 0.000065912 0.552583901 0.000065912 0.536874993 0.569995583 0.000065912 0.000065912 0.000065912 0.000065912 0.000065912 0.000065912 0.000065912 0.000065912 0.000065912 0.640087752 0.000065912 0.000065912 0.854802355 0.605288545 0.000065912 0.000065912 0.000065912 0.000065912
0.709896094 0.811103186 0.737127060 0.000065912 0.000065912 0.000065912 0.000065912 0.000065912 0.000065912 0.753768490 0.000065912 0.000065912 0.689848457 0.000065912 0.830632766 0.000065912 0.000065912 0.000065912 0.000065912 0.000065912 0.000065912 0.000065912 0.000065912 0.000065912 0.000065912 0.000065912 0.000065912 0.000065912 0.000065912 0.735400522 0.710798234 0.000065912 0.000065912 0.000065912 0.000065912 0.743884127 0.000065912 0.000065912 0.000065912 0.694349391 0.000065912 0.000065912 0.000065912 0.753768490 0.000065912 0.000065912 0.852824558 0.000065912 0.000065912 0.000065912 0.766446792 0.000065912 0.000065912 0.000065912 0.000065912 0.000065912 0.819132029 0.862370747 0.869027942 0.000065912
0.773363058 0.000065912 0.820728550 0.000065912 0.000065912 0.000065912 0.000065912 0.000065912 0.000065912 0.753768490 0.000065912 0.000065912 0.717176180 0.000065912 0.696853554 0.000065912 0.000065912 0.000065912 0.000065912 0.000065912 0.000065912 0.000065912 0.000065912 0.000065912 0.000065912 0.779852874 0.000065912 0.000065912 0.000065912 0.681893358 0.611830497 0.000065912 0.000065912 0.000065912 0.000065912 0.000065912 0.000065912 0.000065912 0.000065912 0.732712410 0.000065912 0.000065912 0.000065912 0.761734913 0.000065912 0.852824558 0.000065912 0.000065912 0.000065912 0.000065912 0.604580772 0.000065912 0.000065912 0.000065912 0.000065912 0.000065912 0.721130615 0.864851468 0.000065912 0.000065912
0.585934854 0.000065912 0.000065912 0.000065912 0.647342343 0.667130233 0.593233024 0.604375249 0.571748159 0.000065912 0.000065912 0.546839466 0.000065912 0.556306988 0.000065912 0.649731659 0.668275821 0.000065912 0.646001308 0.836657911 0.000065912 0.577948797 0.000065912 0.675424881 0.000065912 0.000065912 0.544983369 0.000065912 0.720079733 0.000065912 0.000065912 0.000065912 0.000065912 0.549423902 0.000065912 0.000065912 0.683273541 0.000065912 0.624792928 0.000065912 0.691813211 0.000065912 0.592259734 0.000065912 0.000065912 0.000065912 0.000065912 0.000065912 0.000065912 0.000065912 0.000065912 0.000065912 0.615277127 0.795845665 0.705501769 0.748393278 0.000065912 0.000065912 0.000065912 0.000065912
0.000065912 0.000065912 0.000065912 0.000065912 0.000065912 0.000065912 0.000065912 0.000065912 0.000065912 0.000065912 0.000065912 0.000065912 0.000065912 0.000065912 0.000065912 0.000065912 0.000065912 0.000065912 0.000065912 0.000065912 0.000065912 0.000065912 0.000065912 0.000065912 0.000065912 0.000065912 0.000065912 0.000065912 0.000065912 0.000065912 0.000065912 0.000065912 0.000065912 0.000065912 0.000065912 0.000065912 0.000065912 0.000065912 0.000065912 0.000065912 0.000065912 0.000065912 0.000065912 0.000065912 0.000065912 0.000065912 0.000065912 0.000065912 0.000065912 0.000065912 0.000065912 0.000065912 0.000065912 0.000065912 0.000065912 0.000065912 0.000065912 0.000065912 0.000065912 0.000065912
0.000065912 0.000065912 0.000065912 0.000065912 0.000065912 0.000065912 0.000065912 0.000065912 0.000065912 0.000065912 0.000065912 0.000065912 0.000065912 0.000065912 0.000065912 0.000065912 0.000065912 0.000065912 0.000065912 0.000065912 0.000065912 0.000065912 0.000065912 0.000065912 0.000065912 0.000065912 0.000065912 0.000065912 0.000065912 0.000065912 0.000065912 0.000065912 0.000065912 0.000065912 0.000065912 0.000065912 0.000065912 0.000065912 0.000065912 0.000065912 0.000065912 0.000065912 0.000065912 0.000065912 0.000065912 0.000065912 0.000065912 0.000065912 0.000065912 0.000065912 0.000065912 0.000065912 0.000065912 0.000065912 0.000065912 0.000065912 0.000065912 0.000065912 0.000065912 0.000065912
0.718898572 0.656007319 0.541717842 0.000065912 0.000065912 0.000065912 0.000065912 0.000065912 0.000065912 0.000065912 0.000065912 0.000065912 0.719379196 0.000065912 0.561524428 0.000065912 0.000065912 0.000065912 0.000065912 0.000065912 0.000065912 0.000065912 0.000065912 0.000065912 0.000065912 0.675281931 0.000065912 0.000065912 0.000065912 0.576010148 0.651086678 0.000065912 0.000065912 0.000065912 0.000065912 0.000065912 0.000065912 0.000065912 0.000065912 0.674448472 0.000065912 0.000065912 0.000065912 0.734731612 0.000065912 0.766446792 0.604580772 0.000065912 0.000065912 0.000065912 0.000065912 0.000065912 0.000065912 0.000065912 0.000065912 0.000065912 0.541717842 0.785048327 0.000065912 0.000065912
0.000065912 0.000065912 0.000065912 0.000065912 0.000065912 0.000065912 0.552628110 0.646666224 0.000065912 0.000065912 0.000065912 0.741878349 0.000065912 0.657831364 0.000065912 0.000065912 0.000065912 0.760856885 0.617364912 0.000065912 0.000065912 0.000065912 0.000065912 0.000065912 0.000065912 0.000065912 0.000065912 0.000065912 0.000065912 0.000065912 0.000065912 0.000065912 0.800269553 0.000065912 0.606679278 0.000065912 0.000065912 0.000065912 0.000065912 0.000065912 0.000065912 0.000065912 0.000065912 0.000065912 0.640087752 0.000065912 0.000065912 0.000065912 0.000065912 0.000065912 0.000065912 0.000065912 0.000065912 0.000065912 0.000065912 0.000065912 0.000065912 0.000065912 0.000065912 1.000000000
0.660328239 0.000065912 0.717214729 0.645448406 0.568354463 0.819558089 0.614763365 0.651680135 0.702470162 0.610947041 0.660208226 0.611895083 0.534213344 0.648294637 0.000065912 0.632004246 0.662143265 0.627829906 0.599245706 0.625496841 0.000065912 0.000065912 0.000065912 0.552941354 0.613188226 0.000065912 0.691658230 0.654102203 0.586533790 0.000065912 0.000065912 0.000065912 0.000065912 0.000065912 0.599172945 0.000065912 0.610363865 0.000065912 0.650962169 0.000065912 0.651676411 0.558964117 0.695745618 0.764861888 0.000065912 0.000065912 0.000065912 0.615277127 0.000065912 0.000065912 0.000065912 0.000065912 0.000065912 0.598421454 0.575823935 0.565030820 0.802619119 0.000065912 0.000065912 0.000065912
0.000065912 0.000065912 0.000065912 0.606453837 0.929782120 0.000065912 0.620493593 0.560520199 0.552771812 0.000065912 0.000065912 0.000065912 0.000065912 0.580754786 0.000065912 0.657364250 0.000065912 0.000065912 0.593280781 0.680735635 0.000065912 0.000065912 0.681724269 0.683488123 0.000065912 0.000065912 0.000065912 0.000065912 0.000065912 0.000065912 0.000065912 0.708504879 0.000065912 0.000065912 0.615968163 0.000065912 0.000065912 0.000065912 0.628706968 0.000065912 0.668667736 0.000065912 0.000065912 0.000065912 0.000065912 0.000065912 0.000065912 0.795845665 0.000065912 0.000065912 0.000065912 0.000065912 0.598421454 0.000065912 0.000065912 0.000065912 0.000065912 0.000065912 0.000065912 0.000065912
0.648731920 0.000065912 0.000065912 0.000065912 0.643262754 0.609065173 0.721455598 0.677056028 0.631349934 0.636309626 0.787653768 0.759172187 0.000065912 0.650670296 0.000065912 0.744982165 0.678782179 0.662486565 0.693882350 0.773447101 0.000065912 0.765911561 0.000065912 0.599141988 0.000065912 0.000065912 0.574991512 0.000065912 0.660648236 0.000065912 0.000065912 0.000065912 0.686670997 0.756349279 0.589730279 0.000065912 0.560528607 0.000065912 0.593552269 0.000065912 0.629430397 0.600405511 0.632782617 0.568152733 0.854802355 0.000065912 0.000065912 0.705501769 0.000065912 0.000065912 0.000065912 0.000065912 0.575823935 0.000065912 0.000065912 0.643610782 0.000065912 0.000065912 0.000065912 0.000065912
